
states	0.345118	0.654882	0.034512	0.034512

endstates	0.516665	0.048334	0.048334	0.483335

transits	0.476518	0.523482	0.022637	0.022637
transits	0.022637	0.022637	0.285369	0.714631
transits	0.022637	0.022637	0.226374	0.773626
transits	0.544419	0.455581	0.022637	0.022637

emits	0.055922	0.010466	0.000009	0.039397	0.000013	0.000252	0.090515	0.008019	0.000657	0.013374	0.002264	0.000115	0.002707	0.000682	0.000396	0.000725	0.000337	0.000030	0.006075	0.030973	0.026296	0.002758	0.020217	0.006045	0.089551	0.025934	0.022327	0.002507	0.000512	0.038344	0.004255	0.001070	0.066354	0.049544	0.071594	0.005572	0.034482	0.000004	0.047208	0.026906	0.006774	0.035727	0.050537	0.000226	0.096884	0.001275	0.000870	0.000002	0.000002	0.000002	0.000002	0.000002	0.000002	0.000002	0.000002	0.000002	0.000002	0.000002	0.000013	0.000002	0.000002	0.000002	0.000002	0.000002	0.000002	0.002639	0.000002	0.000002	0.000002	0.000002	0.000002	0.000002	0.000002	0.000002	0.000002	0.000034	0.000153	0.000132	0.000068	0.000060	0.000043	0.000047	0.000043	0.000017	0.000051	0.000002	0.000002
emits	0.042105	0.008013	0.000002	0.019338	0.000002	0.000404	0.002978	0.022202	0.001036	0.022744	0.013256	0.000192	0.005168	0.001150	0.000483	0.000887	0.000644	0.000267	0.005953	0.024094	0.032166	0.009147	0.035525	0.010654	0.047732	0.019640	0.015998	0.005195	0.001075	0.013828	0.005058	0.013671	0.046583	0.024871	0.104816	0.000016	0.045166	0.000002	0.037502	0.010481	0.007263	0.032138	0.010006	0.000871	0.032790	0.002943	0.000102	0.000002	0.000002	0.000002	0.000002	0.000002	0.000002	0.000002	0.000002	0.000002	0.000002	0.000002	0.000002	0.134494	0.043353	0.037667	0.020017	0.028308	0.000002	0.000002	0.000002	0.000002	0.000002	0.000002	0.000002	0.000002	0.000002	0.000002	0.000002	0.000002	0.000002	0.000002	0.000004	0.000002	0.000002	0.000004	0.000002	0.000002	0.000002	0.000002	0.000002
emits	0.020744	0.008241	0.000002	0.002482	0.000002	0.000002	0.002020	0.012010	0.000492	0.016452	0.005246	0.000010	0.000020	0.000002	0.000002	0.000010	0.000050	0.000050	0.000002	0.019669	0.015226	0.000302	0.005337	0.000080	0.006754	0.005035	0.019146	0.001608	0.000111	0.006814	0.000754	0.000101	0.025769	0.002774	0.019166	0.000002	0.032573	0.000002	0.005819	0.000070	0.000010	0.006734	0.008895	0.000002	0.007699	0.000915	0.000002	0.000002	0.258716	0.003005	0.000002	0.037015	0.106021	0.017065	0.062011	0.012573	0.044242	0.000002	0.000002	0.000002	0.000002	0.000002	0.000002	0.000002	0.000002	0.000002	0.035789	0.075940	0.082986	0.001347	0.000854	0.003246	0.000002	0.000002	0.000002	0.000002	0.000002	0.000002	0.000002	0.000002	0.000002	0.000002	0.000002	0.000002	0.000002	0.000002	0.000002
emits	0.020660	0.002052	0.000002	0.008574	0.000002	0.000149	0.019824	0.005451	0.000596	0.004375	0.005274	0.000078	0.002920	0.000008	0.000106	0.002700	0.000004	0.001189	0.000679	0.021159	0.008115	0.000565	0.015555	0.001452	0.050605	0.017741	0.010736	0.000416	0.000067	0.006286	0.006906	0.002453	0.014668	0.022399	0.008005	0.000002	0.012365	0.000002	0.009198	0.002586	0.000122	0.006706	0.009842	0.000004	0.031801	0.001727	0.000102	0.050216	0.000002	0.209554	0.019769	0.082782	0.054968	0.004646	0.007550	0.037487	0.022308	0.000002	0.000002	0.000002	0.000002	0.000002	0.000002	0.000002	0.000016	0.000002	0.003324	0.070751	0.034960	0.001405	0.000565	0.063472	0.000002	0.000002	0.000002	0.000004	0.000002	0.000002	0.000004	0.000002	0.000002	0.000002	0.000002	0.000002	0.000002	0.000002	0.000002
